0.000 0.000
0.150 0.001
0.300 0.006
0.450 0.013
0.599 0.023
0.748 0.036
0.897 0.051
1.045 0.068
1.192 0.088
1.339 0.111
1.485 0.135
1.630 0.162
1.774 0.190
1.917 0.221
2.059 0.253
2.199 0.287
2.339 0.323
2.476 0.360
2.613 0.399
2.747 0.439
2.880 0.480
3.011 0.523
3.140 0.566
3.267 0.611
3.393 0.657
3.516 0.703
3.636 0.750
3.755 0.798
3.871 0.847
3.984 0.896
4.095 0.945
4.203 0.995
4.308 1.044
4.411 1.094
4.510 1.144
4.607 1.194
4.700 1.244
4.790 1.294
4.877 1.343
4.960 1.392
5.040 1.440
5.116 1.488
5.189 1.535
5.257 1.581
5.322 1.626
5.383 1.671
5.440 1.714
5.493 1.756
5.541 1.797
5.585 1.837
5.625 1.875
5.660 1.912
5.691 1.947
5.717 1.980
5.738 2.012
5.754 2.042
5.766 2.070
5.772 2.096
5.773 2.119
5.769 2.141
5.760 2.160
5.745 2.177
5.725 2.191
5.699 2.203
5.668 2.212
5.631 2.218
5.588 2.222
5.539 2.222
5.484 2.220
5.422 2.214
5.355 2.205
5.281 2.193
5.201 2.177
5.115 2.158
5.022 2.136
4.922 2.109
4.815 2.079
4.702 2.046
4.582 2.008
4.454 1.966
4.320 1.920
4.178 1.870
4.029 1.815
3.873 1.757
3.709 1.693
3.538 1.626
3.359 1.553
3.172 1.476
2.978 1.394
2.775 1.307
2.565 1.215
2.346 1.118
2.120 1.016
1.885 0.908
1.641 0.795
1.389 0.677
1.129 0.553
0.860 0.423
0.582 0.288
0.296 0.147
0.000 0.000
