0.000 0.000
0.149 0.000
0.294 0.000
0.437 0.000
0.576 0.000
0.713 0.001
0.847 0.001
0.978 0.002
1.107 0.003
1.232 0.004
1.355 0.005
1.475 0.007
1.593 0.009
1.707 0.011
1.820 0.014
1.929 0.017
2.036 0.020
2.141 0.025
2.243 0.029
2.343 0.034
2.440 0.040
2.535 0.046
2.627 0.053
2.717 0.061
2.805 0.069
2.891 0.078
2.974 0.088
3.055 0.098
3.134 0.110
3.210 0.122
3.285 0.135
3.357 0.149
3.428 0.164
3.496 0.180
3.563 0.197
3.627 0.214
3.689 0.233
3.750 0.253
3.808 0.274
3.865 0.297
3.920 0.320
3.973 0.345
4.024 0.370
4.074 0.398
4.122 0.426
4.168 0.456
4.213 0.487
4.256 0.519
4.297 0.553
4.337 0.588
4.375 0.625
4.412 0.663
4.447 0.703
4.481 0.744
4.513 0.787
4.544 0.832
4.574 0.878
4.602 0.926
4.630 0.976
4.655 1.027
4.680 1.080
4.703 1.135
4.726 1.192
4.747 1.250
4.767 1.311
4.786 1.373
4.803 1.437
4.820 1.504
4.836 1.572
4.851 1.643
4.865 1.715
4.878 1.790
4.890 1.866
4.902 1.945
4.912 2.026
4.922 2.109
4.931 2.195
4.939 2.283
4.947 2.373
4.954 2.465
4.960 2.560
4.966 2.657
4.971 2.757
4.975 2.859
4.980 2.964
4.983 3.071
4.986 3.180
4.989 3.293
4.991 3.407
4.993 3.525
4.995 3.645
4.996 3.768
4.997 3.893
4.998 4.022
4.999 4.153
4.999 4.287
5.000 4.424
5.000 4.563
5.000 4.706
5.000 4.851
5.000 5.000
