0.000 0.000
0.091 0.001
0.182 0.006
0.275 0.013
0.369 0.023
0.465 0.036
0.561 0.052
0.659 0.070
0.757 0.091
0.857 0.114
0.958 0.140
1.060 0.168
1.163 0.199
1.267 0.232
1.372 0.267
1.478 0.304
1.585 0.343
1.694 0.384
1.803 0.428
1.913 0.473
2.024 0.520
2.136 0.569
2.249 0.620
2.363 0.672
2.478 0.726
2.594 0.781
2.710 0.838
2.828 0.897
2.946 0.956
3.066 1.018
3.186 1.080
3.307 1.144
3.429 1.208
3.552 1.274
3.675 1.341
3.799 1.409
3.924 1.477
4.050 1.547
4.177 1.617
4.304 1.688
4.432 1.760
4.561 1.832
4.690 1.905
4.820 1.978
4.951 2.052
5.083 2.126
5.215 2.201
5.348 2.275
5.481 2.350
5.615 2.425
5.750 2.500
5.885 2.575
6.021 2.650
6.158 2.725
6.295 2.799
6.432 2.874
6.570 2.948
6.709 3.022
6.848 3.095
6.988 3.168
7.128 3.240
7.269 3.312
7.410 3.383
7.551 3.453
7.693 3.523
7.836 3.591
7.979 3.659
8.122 3.726
8.266 3.792
8.410 3.856
8.554 3.920
8.699 3.982
8.844 4.044
8.989 4.103
9.135 4.162
9.281 4.219
9.428 4.274
9.574 4.328
9.721 4.380
9.869 4.431
10.016 4.480
10.164 4.527
10.312 4.572
10.460 4.616
10.608 4.657
10.757 4.696
10.905 4.733
11.054 4.768
11.203 4.801
11.353 4.832
11.502 4.860
11.651 4.886
11.801 4.909
11.951 4.930
12.100 4.948
12.250 4.964
12.400 4.977
12.550 4.987
12.700 4.994
12.850 4.999
